4f 4f 4f 4f 4f 4f 4f 4f 
4f 4f 4f 4f 4f 4f 4f 4f 
4f 4f 4f 4f 4f 4f 4f 4f 
4f 4f 4f 4f 4f 01 01 01 
01 01 01 01 01 01 01 01 
01 01 01 01 01 01 01 01 
01 01 01 01 01 01 01 01 
01 01 01 01 01 01 01 01 
01 01 01 01 01 01 01 01 
01 01 01 01 01 01 01 01 
01 01 01 01 01 01 01 01 
01 01 01 01 01 01 01 01 
01 01 01 01 01 01 01 01 
01 01 01 01 01 01 01 01 
01 01 01 01 01 01 01 01 
01 01 01 01 01 01 01 01 
01 01 01 01 01 01 01 01 
01 01 01 01 01 01 01 01 
01 01 01 01 01 01 01 01 
01 01 01 01 01 01 01 01 
01 01 01 01 01 01 01 01 
01 01 01 01 01 01 01 01 
01 01 01 01 01 01 01 01 
01 01 01 01 01 01 01 01 
01 01 01 01 01 01 01 01 
01 01 01 01 01 01 01 01 
01 01 01 01 01 01 01 01 
01 01 01 01 01 01 01 01 
01 01 01 01 4f 4f 4f 4f 
4f 4f 4f 4f 4f 4f 4f 4f 
4f 4f 4f 4f 4f 4f 4f 4f 
4f 4f 4f 4f 4f 4f 4f 4f 