010000000000100000000 000101000001000000000 000000000000000000000 000000000000000000000 000000000000000000000 000000000000000000000 000000000000000000000 000000000000000000000 
010000000000100000000 000101000001000000000 010010000000000000000 000100100000000000000 000000000000000000000 000000000000000000000 000000000000000000000 000000000000000000000 
010000000000100000000 000101000001000000000 010010000000000000000 000100000100000000000 000000101000000000000 000000000000000000000 000000000000000000000 000000000000000000000 
010000000000100000000 000101000001000000000 000000000000000000000 000000000000000000000 000000000000000000000 000000000000000000000 000000000000000000000 000000000000000000000 
010000000000100000000 000101000001000000000 000000000000000000000 000000000000000000000 000000000000000000000 000000000000000000000 000000000000000000000 000000000000000000000 
010000000000100000000 000101000001000000000 000000000000000000000 000000000000000000000 000000000000000000000 000000000000000000000 000000000000000000000 000000000000000000000 
010000000000100000000 000101000001000000000 000000000000000000000 000000000000000000000 000000000000000000000 000000000000000000000 000000000000000000000 000000000000000000000 
010000000000100000000 000101000001000000000 000000000000000000000 000000000000000000000 000000000000000000000 000000000000000000000 000000000000000000000 000000000000000000000 
010000000000100000000 000101000001000000000 000000000000000000000 000000000000000000000 000000000000000000000 000000000000000000000 000000000000000000000 000000000000000000000 
010000000000100000000 000101000001000000000 000000000000000000000 000000000000000000000 000000000000000000000 000000000000000000000 000000000000000000000 000000000000000000000 
010000000000100000000 000101000001000000000 000000000000000000000 000000000000000000000 000000000000000000000 000000000000000000000 000000000000000000000 000000000000000000000 
010000000000100000000 000101000001000000000 000000000000000000000 000000000000000000000 000000000000000000000 000000000000000000000 000000000000000000000 000000000000000000000 
010000000000100000000 000101000001000000000 000000000000000000000 000000000000000000000 000000000000000000000 000000000000000000000 000000000000000000000 000000000000000000000 
010000000000100000000 000101000001000000000 000000010010000000000 000000000000000000000 000000000000000000000 000000000000000000000 000000000000000000000 000000000000000000000 
010000000000100000000 000101000001000000000 100000000000000000000 000000000000000000000 000000000000000000000 000000000000000000000 000000000000000000000 000000000000000000000 