80100 28200 0 0 0 0 0 0 
80100 28200 90000 24000 0 0 0 0 
80100 28200 90000 20800 605000 0 0 0 
80100 28200 90000 20800 605041 0 0 0 
80100 28200 90000 42000 0 0 0 0 
80100 28200 14000 0 0 0 0 0 
80100 28200 10080 0 0 0 0 0 
80100 28200 90000 20800 605002 0 0 0 
80100 28200 90000 605003 0 0 0 0 
80100 28200 90000 605024 0 0 0 0 
80100 28200 90000 60501D 0 0 0 0 
80100 28200 90000 20800 605006 0 0 0 
80100 28200 90000 20800 605007 0 0 0 
80100 28200 2400 0 0 0 0 0 
80100 28200 100000 0 0 0 0 0 
80100 28200 0 0 0 0 0 0 
80100 28200 0 0 0 0 0 0 
80100 28200 90000 24000 0 0 0 0 
80100 28200 90000 20800 605000 0 0 0 
80100 28200 90000 20800 605041 0 0 0 
80100 28200 90000 42000 0 0 0 0 
80100 28200 14000 0 0 0 0 0 
80100 28200 10080 0 0 0 0 0 
80100 28200 90000 20800 605002 0 0 0 
80100 28200 90000 605003 0 0 0 0 
80100 28200 90000 605024 0 0 0 0 
80100 28200 90000 60501D 0 0 0 0 
80100 28200 90000 20800 605006 0 0 0 
80100 28200 90000 20800 605007 0 0 0 
80100 28200 2400 0 0 0 0 0 
80100 28200 100000 0 0 0 0 0 
80100 28200 10080 0 0 0 0 0 